
 --- file ---
# This puzzle is solvable
5
15 18 11 20  6
10  2 21 17  4
23 16 24 13 22
14  0  7 12  1
 3  9  5  8 19

1
1
1
2
1
1
2
1
1
2
1
2
9
step 0
PARENT 2607847686004735863
step 1
UPDATE L0
step 1
UPDATE R0
size b 2
step 1
UPDATE U0
size a 3
UPDATE D0
step 1
PARENT 8201189595659132549
UPDATE L0
step 1
STEP 2
n: 2 w: 3 hash: 4981089555504509073
15 18 11 20 6 
10 2 21 17 4 
23 16 24 13 22 
14 7 12 0 1 
3 9 5 8 19 
UPDATE R1
PARENT 4981089555504509073
UPDATE L0
step 2
STEP 2
n: 3 w: 7 hash: 4589886338206950052
15 18 11 20 6 
10 2 21 17 4 
23 16 24 13 22 
14 7 12 1 0 
3 9 5 8 19 
UPDATE R0
size b 1
step 2
STEP 2
n: 3 w: 7 hash: 5207593326621679198
15 18 11 20 6 
10 2 21 17 4 
23 16 24 0 22 
14 7 12 13 1 
3 9 5 8 19 
UPDATE U0
size a 2
UPDATE D0
step 2
STEP 2
n: 3 w: 7 hash: 4626770520288692061
15 18 11 20 6 
10 2 21 17 4 
23 16 24 13 22 
14 7 12 8 1 
3 9 5 0 19 
PARENT 4589886338206950052
UPDATE L0
size b 2
step 2
STEP 2
n: 4 w: 6 hash: 5850576001752769734
15 18 11 20 6 
10 2 21 17 4 
23 16 24 13 0 
14 7 12 1 22 
3 9 5 8 19 
UPDATE U0
size a 3
UPDATE D0
step 2
STEP 2
n: 4 w: 6 hash: 7677202357574154549
15 18 11 20 6 
10 2 21 17 4 
23 16 24 13 22 
14 7 12 1 19 
3 9 5 8 0 
PARENT 5850576001752769734
step 2
STEP 2
n: 5 w: 6 hash: 4038060349063515829
15 18 11 20 6 
10 2 21 17 4 
23 16 24 0 13 
14 7 12 1 22 
3 9 5 8 19 
UPDATE L0
size b 4
step 2
STEP 2
n: 5 w: 6 hash: 8926570453489631449
15 18 11 20 6 
10 2 21 17 0 
23 16 24 13 4 
14 7 12 1 22 
3 9 5 8 19 
UPDATE U0
size a 5
UPDATE D0
PARENT 7677202357574154549
step 2
STEP 2
n: 5 w: 6 hash: 8382478649922003711
15 18 11 20 6 
10 2 21 17 4 
23 16 24 13 22 
14 7 12 1 19 
3 9 5 0 8 
UPDATE L0
size b 5
UPDATE U0
size a 5
PARENT 4038060349063515829
step 2
STEP 2
n: 6 w: 6 hash: 8536995204810675810
15 18 11 20 6 
10 2 21 17 4 
23 16 0 24 13 
14 7 12 1 22 
3 9 5 8 19 
UPDATE L0
UPDATE R0
size b 5
step 2
STEP 2
n: 6 w: 6 hash: 6960696773453078618
15 18 11 20 6 
10 2 21 0 4 
23 16 24 17 13 
14 7 12 1 22 
3 9 5 8 19 
UPDATE U0
size a 6
UPDATE D0
step 2
STEP 2
n: 6 w: 6 hash: 3853788209097955565
15 18 11 20 6 
10 2 21 17 4 
23 16 24 1 13 
14 7 12 0 22 
3 9 5 8 19 
PARENT 3853788209097955565
step 2
STEP 2
n: 7 w: 5 hash: 111322280561882873
15 18 11 20 6 
10 2 21 17 4 
23 16 24 1 13 
14 7 0 12 22 
3 9 5 8 19 
UPDATE L0
step 2
STEP 2
n: 7 w: 5 hash: 6814260277604975096
15 18 11 20 6 
10 2 21 17 4 
23 16 24 1 13 
14 7 12 22 0 
3 9 5 8 19 
UPDATE R0
size b 8
UPDATE U0
size a 8
UPDATE D0
step 2
STEP 2
n: 7 w: 5 hash: 3489887548519542561
15 18 11 20 6 
10 2 21 17 4 
23 16 24 1 13 
14 7 12 8 22 
3 9 5 0 19 
PARENT 111322280561882873
step 2
STEP 2
n: 8 w: 5 hash: 6083213957613262603
15 18 11 20 6 
10 2 21 17 4 
23 16 24 1 13 
14 0 7 12 22 
3 9 5 8 19 
UPDATE L0
UPDATE R0
size b 9
step 2
STEP 2
n: 8 w: 5 hash: 6684564641614418619
15 18 11 20 6 
10 2 21 17 4 
23 16 0 1 13 
14 7 24 12 22 
3 9 5 8 19 
UPDATE U0
size a 10
UPDATE D0
step 2
STEP 2
n: 8 w: 5 hash: 8611817890487899410
15 18 11 20 6 
10 2 21 17 4 
23 16 24 1 13 
14 7 5 12 22 
3 9 0 8 19 
PARENT 6814260277604975096
UPDATE L0
size b 10
step 2
STEP 2
n: 8 w: 5 hash: 5703122444067959639
15 18 11 20 6 
10 2 21 17 4 
23 16 24 1 0 
14 7 12 22 13 
3 9 5 8 19 
UPDATE U0
size a 11
UPDATE D0
step 2
STEP 2
n: 8 w: 5 hash: 840332609164860009
15 18 11 20 6 
10 2 21 17 4 
23 16 24 1 13 
14 7 12 22 19 
3 9 5 8 0 
PARENT 6684564641614418619
step 2
STEP 2
n: 9 w: 5 hash: 8668856167039405886
15 18 11 20 6 
10 2 21 17 4 
23 0 16 1 13 
14 7 24 12 22 
3 9 5 8 19 
UPDATE L0
step 2
STEP 2
n: 9 w: 5 hash: 7231173009307915507
15 18 11 20 6 
10 2 21 17 4 
23 16 1 0 13 
14 7 24 12 22 
3 9 5 8 19 
UPDATE R0
size b 13
step 2
STEP 2
n: 9 w: 5 hash: 438004455177021835
15 18 11 20 6 
10 2 0 17 4 
23 16 21 1 13 
14 7 24 12 22 
3 9 5 8 19 
UPDATE U0
size a 14
UPDATE D0
PARENT 7231173009307915507
UPDATE L0
step 2
STEP 2
n: 10 w: 4 hash: 964104658586156672
15 18 11 20 6 
10 2 21 17 4 
23 16 1 13 0 
14 7 24 12 22 
3 9 5 8 19 
UPDATE R0
size b 14
step 2
STEP 2
n: 10 w: 4 hash: 4380039955277511196
15 18 11 20 6 
10 2 21 0 4 
23 16 1 17 13 
14 7 24 12 22 
3 9 5 8 19 
UPDATE U0
size a 15
UPDATE D0
step 2
STEP 2
n: 10 w: 4 hash: 6378061159583439281
15 18 11 20 6 
10 2 21 17 4 
23 16 1 12 13 
14 7 24 0 22 
3 9 5 8 19 
PARENT 4380039955277511196
step 2
STEP 2
n: 11 w: 4 hash: 2385593522463772029
15 18 11 20 6 
10 2 0 21 4 
23 16 1 17 13 
14 7 24 12 22 
3 9 5 8 19 
UPDATE L0
step 2
STEP 2
n: 11 w: 4 hash: 6888536861558485445
15 18 11 20 6 
10 2 21 4 0 
23 16 1 17 13 
14 7 24 12 22 
3 9 5 8 19 
UPDATE R0
size b 17
step 2
STEP 2
n: 11 w: 4 hash: 4498471660314601729
15 18 11 0 6 
10 2 21 20 4 
23 16 1 17 13 
14 7 24 12 22 
3 9 5 8 19 
UPDATE U0
size a 18
UPDATE D0
PARENT 6378061159583439281
step 2
STEP 2
n: 11 w: 4 hash: 1756700745433615996
15 18 11 20 6 
10 2 21 17 4 
23 16 1 12 13 
14 7 0 24 22 
3 9 5 8 19 
UPDATE L0
step 2
STEP 2
n: 11 w: 4 hash: 3704517174925426852
15 18 11 20 6 
10 2 21 17 4 
23 16 1 12 13 
14 7 24 22 0 
3 9 5 8 19 
UPDATE R0
size b 19
UPDATE U0
size a 19
UPDATE D0
step 2
STEP 2
n: 11 w: 4 hash: 6743745837670624893
15 18 11 20 6 
10 2 21 17 4 
23 16 1 12 13 
14 7 24 8 22 
3 9 5 0 19 
PARENT 2385593522463772029
step 2
STEP 2
n: 12 w: 4 hash: 2100205745352684612
15 18 11 20 6 
10 0 2 21 4 
23 16 1 17 13 
14 7 24 12 22 
3 9 5 8 19 
UPDATE L0
UPDATE R0
size b 20
step 2
STEP 2
n: 12 w: 4 hash: 2079535007945375237
15 18 0 20 6 
10 2 11 21 4 
23 16 1 17 13 
14 7 24 12 22 
3 9 5 8 19 
UPDATE U0
size a 21
UPDATE D0
step 2
STEP 2
n: 12 w: 4 hash: 7925874194961540609
15 18 11 20 6 
10 2 1 21 4 
23 16 0 17 13 
14 7 24 12 22 
3 9 5 8 19 
PARENT 7925874194961540609
step 2
STEP 2
n: 13 w: 3 hash: 5293966481084185476
15 18 11 20 6 
10 2 1 21 4 
23 0 16 17 13 
14 7 24 12 22 
3 9 5 8 19 
UPDATE L0
step 2
STEP 2
n: 13 w: 3 hash: 1708984504097389743
15 18 11 20 6 
10 2 1 21 4 
23 16 17 0 13 
14 7 24 12 22 
3 9 5 8 19 
UPDATE R0
size b 23
UPDATE U0
size a 23
UPDATE D0
step 2
STEP 2
n: 13 w: 3 hash: 3508721582236516931
15 18 11 20 6 
10 2 1 21 4 
23 16 24 17 13 
14 7 0 12 22 
3 9 5 8 19 
PARENT 5293966481084185476
step 2
STEP 2
n: 14 w: 3 hash: 5038552829571048643
15 18 11 20 6 
10 2 1 21 4 
0 23 16 17 13 
14 7 24 12 22 
3 9 5 8 19 
UPDATE L0
UPDATE R0
size b 24
step 2
STEP 2
n: 14 w: 3 hash: 7301501784565990956
15 18 11 20 6 
10 0 1 21 4 
23 2 16 17 13 
14 7 24 12 22 
3 9 5 8 19 
UPDATE U0
size a 25
UPDATE D0
step 2
STEP 2
n: 14 w: 3 hash: 27275989259115716
15 18 11 20 6 
10 2 1 21 4 
23 7 16 17 13 
14 0 24 12 22 
3 9 5 8 19 
PARENT 1708984504097389743
UPDATE L0
step 2
STEP 2
n: 14 w: 3 hash: 9118929169655027420
15 18 11 20 6 
10 2 1 21 4 
23 16 17 13 0 
14 7 24 12 22 
3 9 5 8 19 
UPDATE R0
size b 26
step 2
STEP 2
n: 14 w: 3 hash: 5101112060762741109
15 18 11 20 6 
10 2 1 0 4 
23 16 17 21 13 
14 7 24 12 22 
3 9 5 8 19 
UPDATE U0
size a 27
UPDATE D0
step 2
STEP 2
n: 14 w: 3 hash: 3129629029007634925
15 18 11 20 6 
10 2 1 21 4 
23 16 17 12 13 
14 7 24 0 22 
3 9 5 8 19 
PARENT 7301501784565990956
step 2
STEP 2
n: 15 w: 3 hash: 1854543103358886625
15 18 11 20 6 
0 10 1 21 4 
23 2 16 17 13 
14 7 24 12 22 
3 9 5 8 19 
UPDATE L0
step 2
STEP 2
n: 15 w: 3 hash: 8300058075503990544
15 18 11 20 6 
10 1 0 21 4 
23 2 16 17 13 
14 7 24 12 22 
3 9 5 8 19 
UPDATE R0
size b 29
step 2
STEP 2
n: 15 w: 3 hash: 4582085358553934609
15 0 11 20 6 
10 18 1 21 4 
23 2 16 17 13 
14 7 24 12 22 
3 9 5 8 19 
UPDATE U0
size a 30
UPDATE D0
PARENT 8300058075503990544
UPDATE L0
step 2
STEP 2
n: 16 w: 2 hash: 7997805048543273073
15 18 11 20 6 
10 1 21 0 4 
23 2 16 17 13 
14 7 24 12 22 
3 9 5 8 19 
UPDATE R0
size b 30
step 2
STEP 2
n: 16 w: 2 hash: 5687782863860704360
15 18 0 20 6 
10 1 11 21 4 
23 2 16 17 13 
14 7 24 12 22 
3 9 5 8 19 
UPDATE U0
size a 31
UPDATE D0
step 2
STEP 2
n: 16 w: 2 hash: 3656209908081244751
15 18 11 20 6 
10 1 16 21 4 
23 2 0 17 13 
14 7 24 12 22 
3 9 5 8 19 
PARENT 5687782863860704360
step 2
STEP 2
n: 17 w: 2 hash: 4828761410016417178
15 0 18 20 6 
10 1 11 21 4 
23 2 16 17 13 
14 7 24 12 22 
3 9 5 8 19 
UPDATE L0
step 2
STEP 2
n: 17 w: 2 hash: 8719827125817417592
15 18 20 0 6 
10 1 11 21 4 
23 2 16 17 13 
14 7 24 12 22 
3 9 5 8 19 
UPDATE R0
UPDATE D0
PARENT 3656209908081244751
step 2
STEP 2
n: 17 w: 2 hash: 1616046114577412811
15 18 11 20 6 
10 1 16 21 4 
23 0 2 17 13 
14 7 24 12 22 
3 9 5 8 19 
UPDATE L0
step 2
STEP 2
n: 17 w: 2 hash: 5257006188158197985
15 18 11 20 6 
10 1 16 21 4 
23 2 17 0 13 
14 7 24 12 22 
3 9 5 8 19 
UPDATE R0
size b 34
UPDATE U0
size a 34
UPDATE D0
step 2
STEP 2
n: 17 w: 2 hash: 8066598582416334349
15 18 11 20 6 
10 1 16 21 4 
23 2 24 17 13 
14 7 0 12 22 
3 9 5 8 19 
PARENT 4828761410016417178
step 2
STEP 2
n: 18 w: 2 hash: 6168964572284290500
0 15 18 20 6 
10 1 11 21 4 
23 2 16 17 13 
14 7 24 12 22 
3 9 5 8 19 
UPDATE L0
UPDATE R0
UPDATE D0
step 2
STEP 2
n: 18 w: 2 hash: 6727480789666526612
15 1 18 20 6 
10 0 11 21 4 
23 2 16 17 13 
14 7 24 12 22 
3 9 5 8 19 
PARENT 6727480789666526612
step 2
STEP 2
n: 19 w: 1 hash: 2428667469932712281
15 1 18 20 6 
0 10 11 21 4 
23 2 16 17 13 
14 7 24 12 22 
3 9 5 8 19 
UPDATE L0
step 2
STEP 2
n: 19 w: 1 hash: 6026428366137512917
15 1 18 20 6 
10 11 0 21 4 
23 2 16 17 13 
14 7 24 12 22 
3 9 5 8 19 
UPDATE R0
size b 37
UPDATE U0
size a 37
UPDATE D0
step 2
STEP 2
n: 19 w: 1 hash: 8178263578892126268
15 1 18 20 6 
10 2 11 21 4 
23 0 16 17 13 
14 7 24 12 22 
3 9 5 8 19 
PARENT 2428667469932712281
UPDATE R0
size b 37
step 2
STEP 2
n: 20 w: 1 hash: 5063238952233730735
0 1 18 20 6 
15 10 11 21 4 
23 2 16 17 13 
14 7 24 12 22 
3 9 5 8 19 
UPDATE U0
size a 38
UPDATE D0
step 2
STEP 2
n: 20 w: 1 hash: 2318558577970091600
15 1 18 20 6 
23 10 11 21 4 
0 2 16 17 13 
14 7 24 12 22 
3 9 5 8 19 
PARENT 6026428366137512917
UPDATE L0
step 2
STEP 2
n: 20 w: 1 hash: 5652157317350597812
15 1 18 20 6 
10 11 21 0 4 
23 2 16 17 13 
14 7 24 12 22 
3 9 5 8 19 
UPDATE R0
size b 39
step 2
STEP 2
n: 20 w: 1 hash: 4111174238625468457
15 1 0 20 6 
10 11 18 21 4 
23 2 16 17 13 
14 7 24 12 22 
3 9 5 8 19 
UPDATE U0
size a 40
UPDATE D0
step 2
STEP 2
n: 20 w: 1 hash: 1310795952285810314
15 1 18 20 6 
10 11 16 21 4 
23 2 0 17 13 
14 7 24 12 22 
3 9 5 8 19 
PARENT 5063238952233730735
step 2
STEP 2
n: 21 w: 1 hash: 4173063429519686352
1 0 18 20 6 
15 10 11 21 4 
23 2 16 17 13 
14 7 24 12 22 
3 9 5 8 19 
UPDATE R1
PARENT 4173063429519686352
solved
UPDATE L0
step 0
UPDATE R1
PARENT 3748568971049012002
UPDATE L0
step 1
UPDATE R0
UPDATE D0
step 1
PARENT 704036156564715610
step 1
STEP 2
n: 24 w: 25 hash: 1875403582882828793
1 18 11 20 6 
15 0 10 21 4 
23 2 16 17 13 
14 7 24 12 22 
3 9 5 8 19 
UPDATE L1
PARENT 1875403582882828793
step 2
STEP 2
n: 25 w: 2 hash: 8419373655191834918
1 18 11 20 6 
0 15 10 21 4 
23 2 16 17 13 
14 7 24 12 22 
3 9 5 8 19 
UPDATE L0
UPDATE R0
size b 1
step 2
STEP 2
n: 25 w: 2 hash: 4666915536485366980
1 0 11 20 6 
15 18 10 21 4 
23 2 16 17 13 
14 7 24 12 22 
3 9 5 8 19 
UPDATE U0
size a 2
UPDATE D0
step 2
STEP 2
n: 25 w: 2 hash: 3901545372015586385
1 18 11 20 6 
15 2 10 21 4 
23 0 16 17 13 
14 7 24 12 22 
3 9 5 8 19 
PARENT 3901545372015586385
step 2
STEP 2
n: 26 w: 1 hash: 4232936926275515158
1 18 11 20 6 
15 2 10 21 4 
0 23 16 17 13 
14 7 24 12 22 
3 9 5 8 19 
UPDATE L0
step 2
STEP 2
n: 26 w: 1 hash: 1345657342326747604
1 18 11 20 6 
15 2 10 21 4 
23 16 0 17 13 
14 7 24 12 22 
3 9 5 8 19 
UPDATE R0
size b 4
UPDATE U0
size a 4
UPDATE D0
step 2
STEP 2
n: 26 w: 1 hash: 9165396924687829777
1 18 11 20 6 
15 2 10 21 4 
23 7 16 17 13 
14 0 24 12 22 
3 9 5 8 19 
PARENT 4232936926275515158
UPDATE R0
size b 4
step 2
STEP 2
n: 27 w: 1 hash: 37325903937634479
1 18 11 20 6 
0 2 10 21 4 
15 23 16 17 13 
14 7 24 12 22 
3 9 5 8 19 
UPDATE U0
size a 5
UPDATE D0
step 2
STEP 2
n: 27 w: 1 hash: 8303676508903974750
1 18 11 20 6 
15 2 10 21 4 
14 23 16 17 13 
0 7 24 12 22 
3 9 5 8 19 
PARENT 1345657342326747604
UPDATE L0
step 2
STEP 2
n: 27 w: 1 hash: 7558562952807787386
1 18 11 20 6 
15 2 10 21 4 
23 16 17 0 13 
14 7 24 12 22 
3 9 5 8 19 
UPDATE R0
size b 6
step 2
STEP 2
n: 27 w: 1 hash: 8933820670774644391
1 18 11 20 6 
15 2 0 21 4 
23 16 10 17 13 
14 7 24 12 22 
3 9 5 8 19 
UPDATE U0
size a 7
UPDATE D0
step 2
STEP 2
n: 27 w: 1 hash: 5756615306544043414
1 18 11 20 6 
15 2 10 21 4 
23 16 24 17 13 
14 7 0 12 22 
3 9 5 8 19 
PARENT 37325903937634479
step 2
STEP 2
n: 28 w: 1 hash: 3542161333686254248
1 18 11 20 6 
2 0 10 21 4 
15 23 16 17 13 
14 7 24 12 22 
3 9 5 8 19 
UPDATE R0
size b 8
solved
UPDATE U0
size a 8
UPDATE D0
PARENT 8933820670774644391
step 2
STEP 2
n: 28 w: 1 hash: 5171671436079052702
1 18 11 20 6 
15 0 2 21 4 
23 16 10 17 13 
14 7 24 12 22 
3 9 5 8 19 
UPDATE L0
step 2
STEP 2
n: 28 w: 1 hash: 7361447055906634182
1 18 11 20 6 
15 2 21 0 4 
23 16 10 17 13 
14 7 24 12 22 
3 9 5 8 19 
UPDATE R0
size b 9
step 2
STEP 2
n: 28 w: 1 hash: 5060889467316813279
1 18 0 20 6 
15 2 11 21 4 
23 16 10 17 13 
14 7 24 12 22 
3 9 5 8 19 
UPDATE U0
size a 10
UPDATE D0
PARENT 5060889467316813279
step 2
STEP 2
n: 29 w: 1 hash: 5465048475394837549
1 0 18 20 6 
15 2 11 21 4 
23 16 10 17 13 
14 7 24 12 22 
3 9 5 8 19 
UPDATE L0
step 2
STEP 2
n: 29 w: 1 hash: 8203298866905089743
1 18 20 0 6 
15 2 11 21 4 
23 16 10 17 13 
14 7 24 12 22 
3 9 5 8 19 
UPDATE R0
UPDATE D0
PARENT 5465048475394837549
solved
UPDATE L0
UPDATE R0
UPDATE D0
step 2
STEP 2
n: 30 w: 1 hash: 4934030461710635687
1 2 18 20 6 
15 0 11 21 4 
23 16 10 17 13 
14 7 24 12 22 
3 9 5 8 19 
PARENT 4934030461710635687
step 0
UPDATE L1
PARENT 3073821868688151160
UPDATE R0
size b 0
solved
UPDATE U0
size a 0
UPDATE D0
step 1
PARENT 3112295446719583601
step 1
UPDATE R0
size b 1
UPDATE U0
size a 1
UPDATE D0
step 1
STEP 2
n: 33 w: 34 hash: 7112279231425036601
1 2 18 20 6 
23 15 11 21 4 
14 16 10 17 13 
0 7 24 12 22 
3 9 5 8 19 
PARENT 7112279231425036601
step 2
STEP 2
n: 34 w: 6 hash: 7102733903623945299
1 2 18 20 6 
23 15 11 21 4 
14 16 10 17 13 
7 0 24 12 22 
3 9 5 8 19 
UPDATE R0
size b 1
UPDATE U0
size a 1
UPDATE D0
step 2
STEP 2
n: 34 w: 6 hash: 3961956993832825220
1 2 18 20 6 
23 15 11 21 4 
14 16 10 17 13 
3 7 24 12 22 
0 9 5 8 19 
PARENT 3961956993832825220
step 2
STEP 2
n: 35 w: 5 hash: 1574220276089370184
1 2 18 20 6 
23 15 11 21 4 
14 16 10 17 13 
3 7 24 12 22 
9 0 5 8 19 
UPDATE R0
size b 2
UPDATE U0
size a 2
PARENT 1574220276089370184
UPDATE L0
step 2
STEP 2
n: 36 w: 5 hash: 1807995509433893875
1 2 18 20 6 
23 15 11 21 4 
14 16 10 17 13 
3 7 24 12 22 
9 5 0 8 19 
UPDATE R0
size b 2
step 2
STEP 2
n: 36 w: 5 hash: 4105618883163192350
1 2 18 20 6 
23 15 11 21 4 
14 16 10 17 13 
3 0 24 12 22 
9 7 5 8 19 
UPDATE U0
size a 3
PARENT 4105618883163192350
step 2
STEP 2
n: 37 w: 5 hash: 7306819319391576393
1 2 18 20 6 
23 15 11 21 4 
14 16 10 17 13 
0 3 24 12 22 
9 7 5 8 19 
UPDATE L0
step 2
STEP 2
n: 37 w: 5 hash: 8445984413481901157
1 2 18 20 6 
23 15 11 21 4 
14 16 10 17 13 
3 24 0 12 22 
9 7 5 8 19 
UPDATE R0
size b 4
step 2
STEP 2
n: 37 w: 5 hash: 3492138648394143632
1 2 18 20 6 
23 15 11 21 4 
14 0 10 17 13 
3 16 24 12 22 
9 7 5 8 19 
UPDATE U0
size a 5
UPDATE D0
PARENT 7306819319391576393
UPDATE R0
size b 4
step 2
STEP 2
n: 38 w: 4 hash: 3235261332378416385
1 2 18 20 6 
23 15 11 21 4 
0 16 10 17 13 
14 3 24 12 22 
9 7 5 8 19 
UPDATE U0
size a 5
UPDATE D0
step 2
STEP 2
n: 38 w: 4 hash: 4200202800091015846
1 2 18 20 6 
23 15 11 21 4 
14 16 10 17 13 
9 3 24 12 22 
0 7 5 8 19 
PARENT 3235261332378416385
step 2
STEP 2
n: 39 w: 4 hash: 1951145342885466237
1 2 18 20 6 
23 15 11 21 4 
16 0 10 17 13 
14 3 24 12 22 
9 7 5 8 19 
UPDATE R0
size b 6
step 2
STEP 2
n: 39 w: 4 hash: 3277641440864088584
1 2 18 20 6 
0 15 11 21 4 
23 16 10 17 13 
14 3 24 12 22 
9 7 5 8 19 
UPDATE U0
size a 7
UPDATE D0
PARENT 4200202800091015846
step 2
STEP 2
n: 39 w: 4 hash: 5911282810005955746
1 2 18 20 6 
23 15 11 21 4 
14 16 10 17 13 
9 3 24 12 22 
7 0 5 8 19 
UPDATE R0
size b 7
UPDATE U0
size a 7
PARENT 1951145342885466237
UPDATE L0
step 2
STEP 2
n: 40 w: 4 hash: 5638375429072509374
1 2 18 20 6 
23 15 11 21 4 
16 10 0 17 13 
14 3 24 12 22 
9 7 5 8 19 
UPDATE R0
size b 7
step 2
STEP 2
n: 40 w: 4 hash: 4273745364685376017
1 2 18 20 6 
23 0 11 21 4 
16 15 10 17 13 
14 3 24 12 22 
9 7 5 8 19 
UPDATE U0
size a 8
UPDATE D0
step 2
STEP 2
n: 40 w: 4 hash: 1415263258828171382
1 2 18 20 6 
23 15 11 21 4 
16 3 10 17 13 
14 0 24 12 22 
9 7 5 8 19 
PARENT 1415263258828171382
step 2
STEP 2
n: 41 w: 3 hash: 24291613500297893
1 2 18 20 6 
23 15 11 21 4 
16 3 10 17 13 
0 14 24 12 22 
9 7 5 8 19 
UPDATE L0
step 2
STEP 2
n: 41 w: 3 hash: 6802751984246818829
1 2 18 20 6 
23 15 11 21 4 
16 3 10 17 13 
14 24 0 12 22 
9 7 5 8 19 
UPDATE R0
size b 10
UPDATE U0
size a 10
UPDATE D0
step 2
STEP 2
n: 41 w: 3 hash: 4505519307941782048
1 2 18 20 6 
23 15 11 21 4 
16 3 10 17 13 
14 7 24 12 22 
9 0 5 8 19 
PARENT 24291613500297893
UPDATE R0
size b 10
step 2
STEP 2
n: 42 w: 3 hash: 3938246683832058775
1 2 18 20 6 
23 15 11 21 4 
0 3 10 17 13 
16 14 24 12 22 
9 7 5 8 19 
UPDATE U0
size a 11
UPDATE D0
step 2
STEP 2
n: 42 w: 3 hash: 6880192208532248906
1 2 18 20 6 
23 15 11 21 4 
16 3 10 17 13 
9 14 24 12 22 
0 7 5 8 19 
PARENT 6802751984246818829
UPDATE L0
step 2
STEP 2
n: 42 w: 3 hash: 7680926617043527193
1 2 18 20 6 
23 15 11 21 4 
16 3 10 17 13 
14 24 12 0 22 
9 7 5 8 19 
UPDATE R0
size b 12
step 2
STEP 2
n: 42 w: 3 hash: 1384745621182141729
1 2 18 20 6 
23 15 11 21 4 
16 3 0 17 13 
14 24 10 12 22 
9 7 5 8 19 
UPDATE U0
size a 13
UPDATE D0
step 2
STEP 2
n: 42 w: 3 hash: 2909351040375925734
1 2 18 20 6 
23 15 11 21 4 
16 3 10 17 13 
14 24 5 12 22 
9 7 0 8 19 
PARENT 3938246683832058775
step 2
STEP 2
n: 43 w: 3 hash: 3956955556125009253
1 2 18 20 6 
23 15 11 21 4 
3 0 10 17 13 
16 14 24 12 22 
9 7 5 8 19 
UPDATE R0
size b 14
step 2
STEP 2
n: 43 w: 3 hash: 3980626759033734302
1 2 18 20 6 
0 15 11 21 4 
23 3 10 17 13 
16 14 24 12 22 
9 7 5 8 19 
UPDATE U0
size a 15
UPDATE D0
PARENT 1384745621182141729
step 2
STEP 2
n: 43 w: 3 hash: 2014723628523244480
1 2 18 20 6 
23 15 11 21 4 
16 0 3 17 13 
14 24 10 12 22 
9 7 5 8 19 
UPDATE L0
step 2
STEP 2
n: 43 w: 3 hash: 7601598991655489423
1 2 18 20 6 
23 15 11 21 4 
16 3 17 0 13 
14 24 10 12 22 
9 7 5 8 19 
UPDATE R0
size b 16
step 2
STEP 2
n: 43 w: 3 hash: 2602031643691576498
1 2 18 20 6 
23 15 0 21 4 
16 3 11 17 13 
14 24 10 12 22 
9 7 5 8 19 
UPDATE U0
size a 17
UPDATE D0
PARENT 2014723628523244480
step 2
STEP 2
n: 44 w: 2 hash: 3171542558855048892
1 2 18 20 6 
23 15 11 21 4 
0 16 3 17 13 
14 24 10 12 22 
9 7 5 8 19 
UPDATE L0
UPDATE R0
size b 17
step 2
STEP 2
n: 44 w: 2 hash: 4298972718879281580
1 2 18 20 6 
23 0 11 21 4 
16 15 3 17 13 
14 24 10 12 22 
9 7 5 8 19 
UPDATE U0
size a 18
UPDATE D0
step 2
STEP 2
n: 44 w: 2 hash: 6934694900317241030
1 2 18 20 6 
23 15 11 21 4 
16 24 3 17 13 
14 0 10 12 22 
9 7 5 8 19 
PARENT 4298972718879281580
step 2
STEP 2
n: 45 w: 2 hash: 822495403937033242
1 2 18 20 6 
0 23 11 21 4 
16 15 3 17 13 
14 24 10 12 22 
9 7 5 8 19 
UPDATE L0
step 2
STEP 2
n: 45 w: 2 hash: 3843813898876991469
1 2 18 20 6 
23 11 0 21 4 
16 15 3 17 13 
14 24 10 12 22 
9 7 5 8 19 
UPDATE R0
size b 20
solved
UPDATE U0
size a 20
UPDATE D0
PARENT 6934694900317241030
step 2
STEP 2
n: 45 w: 2 hash: 8344808586294494229
1 2 18 20 6 
23 15 11 21 4 
16 24 3 17 13 
0 14 10 12 22 
9 7 5 8 19 
UPDATE L0
step 2
STEP 2
n: 45 w: 2 hash: 8962275492291975966
1 2 18 20 6 
23 15 11 21 4 
16 24 3 17 13 
14 10 0 12 22 
9 7 5 8 19 
UPDATE R0
size b 21
UPDATE U0
size a 21
UPDATE D0
step 2
STEP 2
n: 45 w: 2 hash: 5556927206188053648
1 2 18 20 6 
23 15 11 21 4 
16 24 3 17 13 
14 7 10 12 22 
9 0 5 8 19 
PARENT 3843813898876991469
UPDATE L0
step 2
STEP 2
n: 46 w: 2 hash: 2919928952682037388
1 2 18 20 6 
23 11 21 0 4 
16 15 3 17 13 
14 24 10 12 22 
9 7 5 8 19 
UPDATE R0
size b 22
step 2
STEP 2
n: 46 w: 2 hash: 6915286004151710737
1 2 0 20 6 
23 11 18 21 4 
16 15 3 17 13 
14 24 10 12 22 
9 7 5 8 19 
UPDATE U0
size a 23
UPDATE D0
step 2
STEP 2
n: 46 w: 2 hash: 4468756185916628514
1 2 18 20 6 
23 11 3 21 4 
16 15 0 17 13 
14 24 10 12 22 
9 7 5 8 19 
PARENT 4468756185916628514
step 2
STEP 2
n: 47 w: 1 hash: 9164131970173417850
1 2 18 20 6 
23 11 3 21 4 
16 0 15 17 13 
14 24 10 12 22 
9 7 5 8 19 
UPDATE L0
step 2
STEP 2
n: 47 w: 1 hash: 4921839416686855308
1 2 18 20 6 
23 11 3 21 4 
16 15 17 0 13 
14 24 10 12 22 
9 7 5 8 19 
UPDATE R0
size b 25
UPDATE U0
size a 25
UPDATE D0
step 2
STEP 2
n: 47 w: 1 hash: 8312402731409638158
1 2 18 20 6 
23 11 3 21 4 
16 15 10 17 13 
14 24 0 12 22 
9 7 5 8 19 
PARENT 9164131970173417850
step 2
STEP 2
n: 48 w: 1 hash: 5249965889806982150
1 2 18 20 6 
23 11 3 21 4 
0 16 15 17 13 
14 24 10 12 22 
9 7 5 8 19 
UPDATE L0
UPDATE R0
size b 26
step 2
STEP 2
n: 48 w: 1 hash: 6267945381139362873
1 2 18 20 6 
23 0 3 21 4 
16 11 15 17 13 
14 24 10 12 22 
9 7 5 8 19 
UPDATE U0
size a 27
UPDATE D0
step 2
STEP 2
n: 48 w: 1 hash: 352627995830471804
1 2 18 20 6 
23 11 3 21 4 
16 24 15 17 13 
14 0 10 12 22 
9 7 5 8 19 
PARENT 4921839416686855308
UPDATE L0
step 2
STEP 2
n: 48 w: 1 hash: 3275976483729944319
1 2 18 20 6 
23 11 3 21 4 
16 15 17 13 0 
14 24 10 12 22 
9 7 5 8 19 
UPDATE R0
size b 28
step 2
STEP 2
n: 48 w: 1 hash: 1526897162867482966
1 2 18 20 6 
23 11 3 0 4 
16 15 17 21 13 
14 24 10 12 22 
9 7 5 8 19 
UPDATE U0
size a 29
UPDATE D0
step 2
STEP 2
n: 48 w: 1 hash: 8688788935632865742
1 2 18 20 6 
23 11 3 21 4 
16 15 17 12 13 
14 24 10 0 22 
9 7 5 8 19 
PARENT 6267945381139362873
step 2
STEP 2
n: 49 w: 1 hash: 7367647931458341263
1 2 18 20 6 
0 23 3 21 4 
16 11 15 17 13 
14 24 10 12 22 
9 7 5 8 19 
UPDATE L0
step 2
STEP 2
n: 49 w: 1 hash: 6233928022708600403
1 2 18 20 6 
23 3 0 21 4 
16 11 15 17 13 
14 24 10 12 22 
9 7 5 8 19 
UPDATE R0
size b 31
solved
UPDATE U0
size a 31
UPDATE D0
PARENT 1526897162867482966
step 2
STEP 2
n: 49 w: 1 hash: 156693734419973118
1 2 18 20 6 
23 11 0 3 4 
16 15 17 21 13 
14 24 10 12 22 
9 7 5 8 19 
UPDATE L0
step 2
STEP 2
n: 49 w: 1 hash: 8530195945339579023
1 2 18 20 6 
23 11 3 4 0 
16 15 17 21 13 
14 24 10 12 22 
9 7 5 8 19 
UPDATE R0
size b 32
step 2
STEP 2
n: 49 w: 1 hash: 1699105997825995339
1 2 18 0 6 
23 11 3 20 4 
16 15 17 21 13 
14 24 10 12 22 
9 7 5 8 19 
UPDATE U0
size a 33
UPDATE D0
PARENT 1699105997825995339
step 2
STEP 2
n: 50 w: 1 hash: 3571716034118774795
1 2 0 18 6 
23 11 3 20 4 
16 15 17 21 13 
14 24 10 12 22 
9 7 5 8 19 
UPDATE L0
step 2
STEP 2
n: 50 w: 1 hash: 6250806910212366877
1 2 18 6 0 
23 11 3 20 4 
16 15 17 21 13 
14 24 10 12 22 
9 7 5 8 19 
UPDATE R0
UPDATE D0
PARENT 3571716034118774795
solved
UPDATE L0
UPDATE R0
UPDATE D0
step 2
STEP 2
n: 51 w: 1 hash: 531169300918130752
1 2 3 18 6 
23 11 0 20 4 
16 15 17 21 13 
14 24 10 12 22 
9 7 5 8 19 
PARENT 531169300918130752
step 0
UPDATE L1
PARENT 694094354195807745
step 3
UPDATE L0
UPDATE R0
size b 1
solved
UPDATE U0
size a 1
UPDATE D0
step 3
PARENT 3025666596533314669
step 3
UPDATE L0
step 3
UPDATE R0
size b 3
UPDATE U0
size a 3
UPDATE D0
step 3
PARENT 276849512371422445
UPDATE L0
step 3
UPDATE R0
size b 4
step 3
UPDATE U0
size a 5
UPDATE D0
step 3
---------
n: 55 w: 56 hash: 5658826839870200257
1 2 3 18 6 
23 15 11 20 4 
16 17 10 21 13 
14 24 0 12 22 
9 7 5 8 19 
atta: 1
currnt correct: 5
dist: 5
---------
PARENT 5658826839870200257
step 4
---------
n: 56 w: 5 hash: 235327971482155450
1 2 3 18 6 
23 15 11 20 4 
16 17 10 21 13 
14 0 24 12 22 
9 7 5 8 19 
atta: 1
currnt correct: 5
dist: 5
---------
UPDATE L0
step 4
---------
n: 56 w: 5 hash: 8824849599749273557
1 2 3 18 6 
23 15 11 20 4 
16 17 10 21 13 
14 24 12 0 22 
9 7 5 8 19 
atta: 1
currnt correct: 5
dist: 5
---------
UPDATE R0
size b 2
UPDATE U0
size a 2
UPDATE D0
step 4
---------
n: 56 w: 5 hash: 4071285670737377834
1 2 3 18 6 
23 15 11 20 4 
16 17 10 21 13 
14 24 5 12 22 
9 7 0 8 19 
atta: 1
currnt correct: 4
dist: 4
---------
PARENT 4071285670737377834
step 4
---------
n: 57 w: 4 hash: 7686800440997917547
1 2 3 18 6 
23 15 11 20 4 
16 17 10 21 13 
14 24 5 12 22 
9 0 7 8 19 
atta: 1
currnt correct: 4
dist: 4
---------
UPDATE L0
step 4
---------
n: 57 w: 4 hash: 8837501095315782243
1 2 3 18 6 
23 15 11 20 4 
16 17 10 21 13 
14 24 5 12 22 
9 7 8 0 19 
atta: 1
currnt correct: 4
dist: 4
---------
UPDATE R0
size b 4
UPDATE U0
size a 4
PARENT 7686800440997917547
step 4
---------
n: 58 w: 4 hash: 5300300957303616679
1 2 3 18 6 
23 15 11 20 4 
16 17 10 21 13 
14 24 5 12 22 
0 9 7 8 19 
atta: 0
currnt correct: 4
dist: 4
---------
UPDATE L0
UPDATE R0
size b 4
step 4
---------
n: 58 w: 4 hash: 7216534219883871213
1 2 3 18 6 
23 15 11 20 4 
16 17 10 21 13 
14 0 5 12 22 
9 24 7 8 19 
atta: 1
currnt correct: 4
dist: 4
---------
UPDATE U0
size a 5
PARENT 8837501095315782243
UPDATE L0
step 4
---------
n: 58 w: 4 hash: 5598719660892061443
1 2 3 18 6 
23 15 11 20 4 
16 17 10 21 13 
14 24 5 12 22 
9 7 8 19 0 
atta: 0
currnt correct: 4
dist: 4
---------
UPDATE R0
size b 5
step 4
---------
n: 58 w: 4 hash: 4309862282142877969
1 2 3 18 6 
23 15 11 20 4 
16 17 10 21 13 
14 24 5 0 22 
9 7 8 12 19 
atta: 1
currnt correct: 4
dist: 4
---------
UPDATE U0
size a 6
PARENT 7216534219883871213
step 4
---------
n: 59 w: 4 hash: 8634540490819715390
1 2 3 18 6 
23 15 11 20 4 
16 17 10 21 13 
0 14 5 12 22 
9 24 7 8 19 
atta: 0
currnt correct: 4
dist: 4
---------
UPDATE L0
step 4
---------
n: 59 w: 4 hash: 9085144674065126141
1 2 3 18 6 
23 15 11 20 4 
16 17 10 21 13 
14 5 0 12 22 
9 24 7 8 19 
atta: 1
currnt correct: 5
dist: 5
---------
UPDATE R0
size b 7
step 4
---------
n: 59 w: 4 hash: 2105994496386225803
1 2 3 18 6 
23 15 11 20 4 
16 0 10 21 13 
14 17 5 12 22 
9 24 7 8 19 
atta: 1
currnt correct: 4
dist: 4
---------
UPDATE U0
size a 8
UPDATE D0
PARENT 4309862282142877969
step 4
---------
n: 59 w: 4 hash: 7718254710239129851
1 2 3 18 6 
23 15 11 20 4 
16 17 10 21 13 
14 24 0 5 22 
9 7 8 12 19 
atta: 1
currnt correct: 3
dist: 3
---------
UPDATE L0
step 4
---------
n: 59 w: 4 hash: 5775249156970336260
1 2 3 18 6 
23 15 11 20 4 
16 17 10 21 13 
14 24 5 22 0 
9 7 8 12 19 
atta: 0
currnt correct: 4
dist: 4
---------
UPDATE R0
size b 9
step 4
---------
n: 59 w: 4 hash: 1040632700008115823
1 2 3 18 6 
23 15 11 20 4 
16 17 10 0 13 
14 24 5 21 22 
9 7 8 12 19 
atta: 1
currnt correct: 4
dist: 4
---------
UPDATE U0
size a 10
UPDATE D0
PARENT 7718254710239129851
step 4
---------
n: 60 w: 3 hash: 2796879715800518784
1 2 3 18 6 
23 15 11 20 4 
16 17 10 21 13 
14 0 24 5 22 
9 7 8 12 19 
atta: 0
currnt correct: 3
dist: 3
---------
UPDATE L0
UPDATE R0
size b 10
step 4
---------
n: 60 w: 3 hash: 2757082483727183319
1 2 3 18 6 
23 15 11 20 4 
16 17 0 21 13 
14 24 10 5 22 
9 7 8 12 19 
atta: 1
currnt correct: 3
dist: 3
---------
UPDATE U0
size a 11
UPDATE D0
step 4
---------
n: 60 w: 3 hash: 1261628227120621631
1 2 3 18 6 
23 15 11 20 4 
16 17 10 21 13 
14 24 8 5 22 
9 7 0 12 19 
atta: 1
currnt correct: 3
dist: 3
---------
PARENT 2757082483727183319
step 4
---------
n: 61 w: 3 hash: 894489535403199831
1 2 3 18 6 
23 15 11 20 4 
16 0 17 21 13 
14 24 10 5 22 
9 7 8 12 19 
atta: 0
currnt correct: 3
dist: 3
---------
UPDATE L0
step 4
---------
n: 61 w: 3 hash: 3475737422733608028
1 2 3 18 6 
23 15 11 20 4 
16 17 21 0 13 
14 24 10 5 22 
9 7 8 12 19 
atta: 1
currnt correct: 3
dist: 3
---------
UPDATE R0
size b 13
step 4
---------
n: 61 w: 3 hash: 1254464536163619908
1 2 3 18 6 
23 15 0 20 4 
16 17 11 21 13 
14 24 10 5 22 
9 7 8 12 19 
atta: 0
currnt correct: 3
dist: 3
---------
UPDATE U0
size a 14
UPDATE D0
PARENT 1261628227120621631
step 4
---------
n: 61 w: 3 hash: 4877161766488777086
1 2 3 18 6 
23 15 11 20 4 
16 17 10 21 13 
14 24 8 5 22 
9 0 7 12 19 
atta: 0
currnt correct: 3
dist: 3
---------
UPDATE L0
step 4
---------
n: 61 w: 3 hash: 2205139380079829942
1 2 3 18 6 
23 15 11 20 4 
16 17 10 21 13 
14 24 8 5 22 
9 7 12 0 19 
atta: 1
currnt correct: 3
dist: 3
---------
UPDATE R0
size b 15
UPDATE U0
size a 15
PARENT 3475737422733608028
UPDATE L0
step 4
---------
n: 62 w: 3 hash: 6415154860696727087
1 2 3 18 6 
23 15 11 20 4 
16 17 21 13 0 
14 24 10 5 22 
9 7 8 12 19 
atta: 1
currnt correct: 3
dist: 3
---------
UPDATE R0
size b 15
step 4
---------
n: 62 w: 3 hash: 8590108642927811303
1 2 3 18 6 
23 15 11 0 4 
16 17 21 20 13 
14 24 10 5 22 
9 7 8 12 19 
atta: 0
currnt correct: 3
dist: 3
---------
UPDATE U0
size a 16
UPDATE D0
step 4
---------
n: 62 w: 3 hash: 4520061384106382957
1 2 3 18 6 
23 15 11 20 4 
16 17 21 5 13 
14 24 10 0 22 
9 7 8 12 19 
atta: 1
currnt correct: 2
dist: 2
---------
PARENT 4520061384106382957
step 4
---------
n: 63 w: 2 hash: 8784365365627442195
1 2 3 18 6 
23 15 11 20 4 
16 17 21 5 13 
14 24 0 10 22 
9 7 8 12 19 
atta: 1
currnt correct: 2
dist: 2
---------
UPDATE L0
step 4
---------
n: 63 w: 2 hash: 6147415184214544248
1 2 3 18 6 
23 15 11 20 4 
16 17 21 5 13 
14 24 10 22 0 
9 7 8 12 19 
atta: 1
currnt correct: 2
dist: 2
---------
UPDATE R0
size b 18
UPDATE U0
size a 18
UPDATE D0
step 4
---------
n: 63 w: 2 hash: 9210093664675046687
1 2 3 18 6 
23 15 11 20 4 
16 17 21 5 13 
14 24 10 12 22 
9 7 8 0 19 
atta: 0
currnt correct: 2
dist: 2
---------
PARENT 8784365365627442195
step 4
---------
n: 64 w: 2 hash: 3757243774094750824
1 2 3 18 6 
23 15 11 20 4 
16 17 21 5 13 
14 0 24 10 22 
9 7 8 12 19 
atta: 0
currnt correct: 2
dist: 2
---------
UPDATE L0
UPDATE R0
size b 19
step 4
---------
n: 64 w: 2 hash: 8780177449826273827
1 2 3 18 6 
23 15 11 20 4 
16 17 0 5 13 
14 24 21 10 22 
9 7 8 12 19 
atta: 1
currnt correct: 2
dist: 2
---------
UPDATE U0
size a 20
UPDATE D0
step 4
---------
n: 64 w: 2 hash: 249631153254780119
1 2 3 18 6 
23 15 11 20 4 
16 17 21 5 13 
14 24 8 10 22 
9 7 0 12 19 
atta: 0
currnt correct: 2
dist: 2
---------
PARENT 6147415184214544248
UPDATE L0
size b 20
step 4
---------
n: 64 w: 2 hash: 4964255078450609623
1 2 3 18 6 
23 15 11 20 4 
16 17 21 5 0 
14 24 10 22 13 
9 7 8 12 19 
atta: 1
currnt correct: 2
dist: 2
---------
UPDATE U0
size a 21
UPDATE D0
step 4
---------
n: 64 w: 2 hash: 29390057852015849
1 2 3 18 6 
23 15 11 20 4 
16 17 21 5 13 
14 24 10 22 19 
9 7 8 12 0 
atta: 0
currnt correct: 2
dist: 2
---------
PARENT 8780177449826273827
step 4
---------
n: 65 w: 2 hash: 6049379144973413027
1 2 3 18 6 
23 15 11 20 4 
16 0 17 5 13 
14 24 21 10 22 
9 7 8 12 19 
atta: 0
currnt correct: 2
dist: 2
---------
UPDATE L0
step 4
---------
n: 65 w: 2 hash: 1196897541759508721
1 2 3 18 6 
23 15 11 20 4 
16 17 5 0 13 
14 24 21 10 22 
9 7 8 12 19 
atta: 1
currnt correct: 3
dist: 3
---------
UPDATE R0
size b 23
step 4
---------
n: 65 w: 2 hash: 5688798322971866032
1 2 3 18 6 
23 15 0 20 4 
16 17 11 5 13 
14 24 21 10 22 
9 7 8 12 19 
atta: 1
currnt correct: 2
dist: 2
---------
UPDATE U0
size a 24
UPDATE D0
PARENT 4964255078450609623
step 4
---------
n: 65 w: 2 hash: 3791285796981973702
1 2 3 18 6 
23 15 11 20 4 
16 17 21 0 5 
14 24 10 22 13 
9 7 8 12 19 
atta: 1
currnt correct: 3
dist: 3
---------
UPDATE L0
size b 24
step 4
---------
n: 65 w: 2 hash: 7941100519796464072
1 2 3 18 6 
23 15 11 20 0 
16 17 21 5 4 
14 24 10 22 13 
9 7 8 12 19 
atta: 1
currnt correct: 2
dist: 2
---------
UPDATE U0
size a 25
UPDATE D0
PARENT 5688798322971866032
step 4
---------
n: 66 w: 2 hash: 2653048471616785737
1 2 3 18 6 
23 0 15 20 4 
16 17 11 5 13 
14 24 21 10 22 
9 7 8 12 19 
atta: 0
currnt correct: 2
dist: 2
---------
UPDATE L0
step 4
---------
n: 66 w: 2 hash: 6219198223536385194
1 2 3 18 6 
23 15 20 0 4 
16 17 11 5 13 
14 24 21 10 22 
9 7 8 12 19 
atta: 1
currnt correct: 2
dist: 2
---------
UPDATE R0
size b 26
solved
UPDATE U0
size a 26
UPDATE D0
PARENT 7941100519796464072
step 4
---------
n: 66 w: 2 hash: 363051168058197905
1 2 3 18 6 
23 15 11 0 20 
16 17 21 5 4 
14 24 10 22 13 
9 7 8 12 19 
atta: 1
currnt correct: 2
dist: 2
---------
UPDATE L0
size b 26
step 4
---------
n: 66 w: 2 hash: 7051826355712457224
1 2 3 18 0 
23 15 11 20 6 
16 17 21 5 4 
14 24 10 22 13 
9 7 8 12 19 
atta: 0
currnt correct: 2
dist: 2
---------
UPDATE U0
size a 27
UPDATE D0
PARENT 6219198223536385194
UPDATE L0
step 4
---------
n: 67 w: 2 hash: 3827777315716573043
1 2 3 18 6 
23 15 20 4 0 
16 17 11 5 13 
14 24 21 10 22 
9 7 8 12 19 
atta: 1
currnt correct: 2
dist: 2
---------
UPDATE R0
size b 27
step 4
---------
n: 67 w: 2 hash: 8720988870819239704
1 2 3 0 6 
23 15 20 18 4 
16 17 11 5 13 
14 24 21 10 22 
9 7 8 12 19 
atta: 0
currnt correct: 2
dist: 2
---------
UPDATE U0
size a 28
UPDATE D0
step 4
---------
n: 67 w: 2 hash: 1970342091400609779
1 2 3 18 6 
23 15 20 5 4 
16 17 11 0 13 
14 24 21 10 22 
9 7 8 12 19 
atta: 1
currnt correct: 1
dist: 1
---------
PARENT 1970342091400609779
step 4
---------
n: 68 w: 1 hash: 5202934709823121836
1 2 3 18 6 
23 15 20 5 4 
16 17 0 11 13 
14 24 21 10 22 
9 7 8 12 19 
atta: 1
currnt correct: 1
dist: 1
---------
UPDATE L0
step 4
---------
n: 68 w: 1 hash: 8242561688588359040
1 2 3 18 6 
23 15 20 5 4 
16 17 11 13 0 
14 24 21 10 22 
9 7 8 12 19 
atta: 1
currnt correct: 1
dist: 1
---------
UPDATE R0
size b 30
UPDATE U0
size a 30
UPDATE D0
step 4
---------
n: 68 w: 1 hash: 362982230287288534
1 2 3 18 6 
23 15 20 5 4 
16 17 11 10 13 
14 24 21 0 22 
9 7 8 12 19 
atta: 0
currnt correct: 1
dist: 1
---------
PARENT 5202934709823121836
step 4
---------
n: 69 w: 1 hash: 7070171041914358060
1 2 3 18 6 
23 15 20 5 4 
16 0 17 11 13 
14 24 21 10 22 
9 7 8 12 19 
atta: 0
currnt correct: 1
dist: 1
---------
UPDATE L0
UPDATE R0
size b 31
step 4
---------
n: 69 w: 1 hash: 7781894340012668896
1 2 3 18 6 
23 15 0 5 4 
16 17 20 11 13 
14 24 21 10 22 
9 7 8 12 19 
atta: 1
currnt correct: 1
dist: 1
---------
UPDATE U0
size a 32
UPDATE D0
step 4
---------
n: 69 w: 1 hash: 5189739483153774492
1 2 3 18 6 
23 15 20 5 4 
16 17 21 11 13 
14 24 0 10 22 
9 7 8 12 19 
atta: 0
currnt correct: 1
dist: 1
---------
PARENT 8242561688588359040
UPDATE L0
size b 32
step 4
---------
n: 69 w: 1 hash: 6391612031284605343
1 2 3 18 6 
23 15 20 5 0 
16 17 11 13 4 
14 24 21 10 22 
9 7 8 12 19 
atta: 1
currnt correct: 1
dist: 1
---------
UPDATE U0
size a 33
UPDATE D0
step 4
---------
n: 69 w: 1 hash: 2080821911978628066
1 2 3 18 6 
23 15 20 5 4 
16 17 11 13 22 
14 24 21 10 0 
9 7 8 12 19 
atta: 0
currnt correct: 1
dist: 1
---------
PARENT 7781894340012668896
step 4
---------
n: 70 w: 1 hash: 134538185796225305
1 2 3 18 6 
23 0 15 5 4 
16 17 20 11 13 
14 24 21 10 22 
9 7 8 12 19 
atta: 0
currnt correct: 1
dist: 1
---------
UPDATE L0
step 4
---------
n: 70 w: 1 hash: 7036705017329820195
1 2 3 18 6 
23 15 5 0 4 
16 17 20 11 13 
14 24 21 10 22 
9 7 8 12 19 
atta: 1
currnt correct: 2
dist: 2
---------
UPDATE R0
size b 35
solved
UPDATE U0
size a 35
UPDATE D0
PARENT 6391612031284605343
step 4
---------
n: 70 w: 1 hash: 6418471767979011651
1 2 3 18 6 
23 15 20 0 5 
16 17 11 13 4 
14 24 21 10 22 
9 7 8 12 19 
atta: 1
currnt correct: 2
dist: 2
---------
UPDATE L0
size b 35
step 4
---------
n: 70 w: 1 hash: 6294619592229507679
1 2 3 18 0 
23 15 20 5 6 
16 17 11 13 4 
14 24 21 10 22 
9 7 8 12 19 
atta: 1
currnt correct: 1
dist: 1
---------
UPDATE U0
size a 36
UPDATE D0
PARENT 6294619592229507679
step 4
---------
n: 71 w: 1 hash: 4218185656013925164
1 2 3 0 18 
23 15 20 5 6 
16 17 11 13 4 
14 24 21 10 22 
9 7 8 12 19 
atta: 1
currnt correct: 1
dist: 1
---------
UPDATE L0
UPDATE D0
PARENT 4218185656013925164
solved
UPDATE L0
UPDATE R0
UPDATE D0
step 4
---------
n: 72 w: 1 hash: 659087067644582683
1 2 3 5 18 
23 15 20 0 6 
16 17 11 13 4 
14 24 21 10 22 
9 7 8 12 19 
atta: 1
currnt correct: 0
dist: 0
---------
PARENT 659087067644582683
step 3
UPDATE L0
step 3
---------
n: 73 w: 74 hash: 2690528588815923006
1 2 3 5 18 
23 15 20 6 0 
16 17 11 13 4 
14 24 21 10 22 
9 7 8 12 19 
atta: 1
currnt correct: 2
dist: 2
---------
UPDATE R1
PARENT 2690528588815923006
UPDATE L0
size b 0
step 4
---------
n: 74 w: 2 hash: 3220347578218589522
1 2 3 5 0 
23 15 20 6 18 
16 17 11 13 4 
14 24 21 10 22 
9 7 8 12 19 
atta: 0
currnt correct: 2
dist: 2
---------
UPDATE U0
size a 1
UPDATE D0
step 4
---------
n: 74 w: 2 hash: 1118663021959222049
1 2 3 5 18 
23 15 20 6 4 
16 17 11 13 0 
14 24 21 10 22 
9 7 8 12 19 
atta: 1
currnt correct: 1
dist: 1
---------
PARENT 1118663021959222049
step 4
---------
n: 75 w: 1 hash: 7403130028040255826
1 2 3 5 18 
23 15 20 6 4 
16 17 11 0 13 
14 24 21 10 22 
9 7 8 12 19 
atta: 1
currnt correct: 1
dist: 1
---------
UPDATE L0
size b 2
UPDATE U0
size a 2
UPDATE D0
step 4
---------
n: 75 w: 1 hash: 6991183908086142275
1 2 3 5 18 
23 15 20 6 4 
16 17 11 13 22 
14 24 21 10 0 
9 7 8 12 19 
atta: 0
currnt correct: 1
dist: 1
---------
PARENT 7403130028040255826
step 4
---------
n: 76 w: 1 hash: 3878080544214200077
1 2 3 5 18 
23 15 20 6 4 
16 17 0 11 13 
14 24 21 10 22 
9 7 8 12 19 
atta: 0
currnt correct: 1
dist: 1
---------
UPDATE L0
UPDATE R0
size b 3
step 4
---------
n: 76 w: 1 hash: 2686759232649474327
1 2 3 5 18 
23 15 20 0 4 
16 17 11 6 13 
14 24 21 10 22 
9 7 8 12 19 
atta: 1
currnt correct: 1
dist: 1
---------
UPDATE U0
size a 4
UPDATE D0
step 4
---------
n: 76 w: 1 hash: 8713531048157154935
1 2 3 5 18 
23 15 20 6 4 
16 17 11 10 13 
14 24 21 0 22 
9 7 8 12 19 
atta: 0
currnt correct: 1
dist: 1
---------
PARENT 2686759232649474327
step 4
---------
n: 77 w: 1 hash: 4464445413673512461
1 2 3 5 18 
23 15 0 20 4 
16 17 11 6 13 
14 24 21 10 22 
9 7 8 12 19 
atta: 0
currnt correct: 1
dist: 1
---------
UPDATE L0
step 4
---------
n: 77 w: 1 hash: 5050982335196396238
1 2 3 5 18 
23 15 20 4 0 
16 17 11 6 13 
14 24 21 10 22 
9 7 8 12 19 
atta: 1
currnt correct: 0
dist: 0
---------
UPDATE R1
PARENT 5050982335196396238
solved
UPDATE L0
size b 0
step 5
xx
n: 78 w: 98 hash: 5764297307331928226
1 2 3 5 0 
23 15 20 4 18 
16 17 11 6 13 
14 24 21 10 22 
9 7 8 12 19 
UPDATE U1
size a 1
PARENT 5764297307331928226
step 6
xx
n: 79 w: 89 hash: 3300373640883746170
1 2 3 0 5 
23 15 20 4 18 
16 17 11 6 13 
14 24 21 10 22 
9 7 8 12 19 
UPDATE L0
UPDATE D0
PARENT 3300373640883746170
solved
UPDATE L0
UPDATE R0
UPDATE D0
step 6
xx
n: 80 w: 80 hash: 7923965213886340799
1 2 3 4 5 
23 15 20 0 18 
16 17 11 6 13 
14 24 21 10 22 
9 7 8 12 19 
PARENT 7923965213886340799
step 0
UPDATE L1
PARENT 8451629615416099237
step 1
UPDATE L0
UPDATE R0
size b 1
solved
UPDATE U0
size a 1
UPDATE D0
step 1
STEP 2
n: 82 w: 83 hash: 4783358727708571702
1 2 3 4 5 
23 15 11 20 18 
16 17 0 6 13 
14 24 21 10 22 
9 7 8 12 19 
PARENT 4783358727708571702
step 2
STEP 2
n: 83 w: 2 hash: 7515142169210181814
1 2 3 4 5 
23 15 11 20 18 
16 0 17 6 13 
14 24 21 10 22 
9 7 8 12 19 
UPDATE L0
step 2
STEP 2
n: 83 w: 2 hash: 1900604548440439872
1 2 3 4 5 
23 15 11 20 18 
16 17 6 0 13 
14 24 21 10 22 
9 7 8 12 19 
UPDATE R0
size b 2
UPDATE U0
size a 2
UPDATE D0
step 2
STEP 2
n: 83 w: 2 hash: 4778537415904650758
1 2 3 4 5 
23 15 11 20 18 
16 17 21 6 13 
14 24 0 10 22 
9 7 8 12 19 
PARENT 4778537415904650758
step 2
STEP 2
n: 84 w: 2 hash: 1125049959237289597
1 2 3 4 5 
23 15 11 20 18 
16 17 21 6 13 
14 0 24 10 22 
9 7 8 12 19 
UPDATE L0
step 2
STEP 2
n: 84 w: 2 hash: 361106371996820600
1 2 3 4 5 
23 15 11 20 18 
16 17 21 6 13 
14 24 10 0 22 
9 7 8 12 19 
UPDATE R0
size b 4
UPDATE U0
size a 4
UPDATE D0
step 2
STEP 2
n: 84 w: 2 hash: 4093294334097522370
1 2 3 4 5 
23 15 11 20 18 
16 17 21 6 13 
14 24 8 10 22 
9 7 0 12 19 
PARENT 361106371996820600
UPDATE L0
step 2
STEP 2
n: 85 w: 2 hash: 7991798335003196781
1 2 3 4 5 
23 15 11 20 18 
16 17 21 6 13 
14 24 10 22 0 
9 7 8 12 19 
UPDATE R0
size b 5
step 2
STEP 2
n: 85 w: 2 hash: 6238203001201290901
1 2 3 4 5 
23 15 11 20 18 
16 17 21 0 13 
14 24 10 6 22 
9 7 8 12 19 
UPDATE U0
size a 6
UPDATE D0
step 2
STEP 2
n: 85 w: 2 hash: 4929261055874897674
1 2 3 4 5 
23 15 11 20 18 
16 17 21 6 13 
14 24 10 12 22 
9 7 8 0 19 
PARENT 7991798335003196781
UPDATE L0
size b 6
step 2
STEP 2
n: 86 w: 2 hash: 9177210163271372738
1 2 3 4 5 
23 15 11 20 18 
16 17 21 6 0 
14 24 10 22 13 
9 7 8 12 19 
UPDATE U0
size a 7
UPDATE D0
step 2
STEP 2
n: 86 w: 2 hash: 4310219371154614012
1 2 3 4 5 
23 15 11 20 18 
16 17 21 6 13 
14 24 10 22 19 
9 7 8 12 0 
PARENT 9177210163271372738
step 2
STEP 2
n: 87 w: 2 hash: 547982542430497736
1 2 3 4 5 
23 15 11 20 18 
16 17 21 0 6 
14 24 10 22 13 
9 7 8 12 19 
UPDATE L0
size b 8
step 2
STEP 2
n: 87 w: 2 hash: 3119705241845882313
1 2 3 4 5 
23 15 11 20 0 
16 17 21 6 18 
14 24 10 22 13 
9 7 8 12 19 
UPDATE U0
size a 9
UPDATE D0
PARENT 547982542430497736
step 2
STEP 2
n: 88 w: 1 hash: 1289577692055487043
1 2 3 4 5 
